24249 26  25  1  0
24352 72  71  1  0
24453 105  106  1  0
24554 138  134  4  0
24657 168  172  4  0
24759 184  186  2  100
24860 213  213  0  100
24961 242  244  2  100
25064 259  270  11  100
25165 209  291  82  0
25267 112  273  161  0
25370 203  229  26  0
25472 196  247  51  0
25575 199  274  75  0
25676 193  267  74  0
25777 202  273  71  0
25880 215  288  73  0
25984 218  299  81  0
26087 217  299  82  0
26190 220  296  76  0
26291 218  293  75  0
26394 220  302  82  0
26496 191  252  61  0
26599 234  162  72  0
26702 251  171  80  0
26803 255  176  79  0
26904 258  174  84  0
27008 274  190  84  0
27111 284  205  79  0
27214 253  241  12  100
27316 223  230  7  100
27419 211  218  7  100
27521 208  206  2  100
27622 202  206  4  100
27724 222  218  4  100
27825 234  239  5  100
27926 256  260  4  100
28029 294  295  1  100
28131 302  304  2  0
28232 267  278  11  100
28335 326  309  17  0
28436 325  334  9  0
28537 267  314  47  0
28639 56  319  263  0
28740 99  250  151  0
28844 94  50  44  0
28947 131  64  67  0
29050 163  106  57  0
29152 188  134  54  0
29255 217  163  54  0
29357 198  195  3  100
29460 120  238  118  0
29561 61  220  159  0
29662 138  190  52  0
29763 204  172  32  0
29867 242  181  61  0
29970 263  183  80  0
30073 278  199  79  0
30175 276  200  76  0
30278 249  222  27  0
30380 128  236  108  0
30483 85  190  105  0
30585 49  146  97  0
30687 15  107  92  0
30789 55  65  10  0
30891 117  73  44  0
30994 163  103  60  0
31097 201  126  75  0
31199 225  143  82  0
31301 253  160  93  0
31403 160  220  60  0
31504 168  224  56  0
31605 223  149  74  0
31706 231  161  70  0
31809 257  179  78  0
31912 275  188  87  0
32013 279  189  90  0
32114 285  193  92  0
32215 288  198  90  0
32316 293  200  93  0
32419 303  207  96  0
32521 159  238  79  0
32624 138  255  117  0
32726 152  256  104  0
32827 173  253  80  0
32928 236  174  62  0
33029 258  171  87  0
33132 272  187  85  0
33234 259  218  41  0
33336 241  251  10  100
33439 273  279  6  100
33541 283  285  2  100
33644 314  310  4  0
33745 285  289  4  100
33846 283  284  1  100
33947 298  299  1  100
34049 311  315  4  0
34150 301  302  1  0
34253 263  268  5  100
34354 268  263  5  100
34455 283  283  0  100
34556 303  309  6  0
34657 293  295  2  100
34758 290  290  0  100
34860 304  306  2  0
34961 290  293  3  100
35064 296  296  0  100
35166 309  308  1  0
35267 294  297  3  100
35371 301  302  1  0
35472 279  282  3  100
35575 310  249  61  0
35676 285  196  89  0
35777 253  215  38  0
35880 276  229  47  0
35981 279  220  59  0
36082 283  225  58  0
36183 292  231  61  0
36284 295  237  58  0
36385 301  235  66  0
36486 269  198  71  0
36587 248  210  38  0
36690 276  225  51  0
36791 282  228  54  0
36892 296  228  68  0
36993 281  224  57  0
37094 284  229  55  0
37197 298  242  56  0
37299 195  266  71  0
37402 96  246  150  0
37505 71  176  105  0
37606 39  130  91  0
37709 72  109  37  0
37810 106  133  27  0
37911 134  167  33  0
38012 171  183  12  100
38113 200  203  3  100
38215 215  222  7  100
38316 242  237  5  100
38417 255  252  3  100
38520 281  287  6  100
38622 296  299  3  100
38723 317  316  1  0
38827 306  309  3  0
38930 282  281  1  100
39033 275  277  2  100
39135 281  282  1  100
39236 298  300  2  100
39340 315  179  136  0
39441 291  36  255  0
39544 147  137  10  0
39646 141  162  21  0
39749 154  199  45  0
39851 159  225  66  0
39954 184  242  58  0
40055 240  175  65  0
40157 272  163  109  0
40258 256  173  83  0
40360 268  181  87  0
40462 162  224  62  0
40563 112  233  121  0
40665 142  234  92  0
40766 153  250  97  0
40867 197  222  25  0
40969 252  156  96  0
41070 264  158  106  0
41174 263  176  87  0
41277 265  193  72  0
41379 130  236  106  0
41480 75  192  117  0
41582 49  148  99  0
41683 23  111  88  0
41784 77  66  11  0
41887 125  87  38  0
41988 154  105  49  0
42089 161  140  21  0
42192 134  206  72  0
42294 133  235  102  0
42395 112  233  121  0
42496 123  229  106  0
42597 123  222  99  0
42700 126  245  119  0
42802 141  245  104  0
42903 192  202  10  100
43004 232  175  57  0
43106 237  128  109  0
43209 229  177  52  0
43311 241  181  60  0
43414 238  193  45  0
43515 116  244  128  0
43617 124  233  109  0
43720 159  215  56  0
43822 199  199  0  100
43923 227  223  4  100
44026 245  252  7  100
44127 264  265  1  100
44228 284  285  1  100
44332 303  307  4  0
44433 274  276  2  100
44536 279  281  2  100
44638 291  290  1  100
44741 311  312  1  0
44843 266  276  10  100
44946 285  279  6  100
45047 288  287  1  100
45149 298  306  8  0
45252 285  290  5  100
45353 279  274  5  100
45454 292  298  6  100
45555 304  304  0  0
45657 273  274  1  100
45758 260  266  6  100
45861 138  218  80  0
45963 87  231  144  0
