55.1382871119 0.0745309992958 2665.25871067 6865.0
53.8933449093 0.0669905108807 3105.072834 7364.0
66.2074683733 0.0665229137039 3276.66967618 6005.0
59.9199570601 0.0732370570188 2781.98992727 6230.0
53.7425633284 0.0671340878281 3460.68467809 7295.0
65.607626011 0.0759113873933 3098.08205916 5994.0
59.9149787029 0.070686093842 2997.8421111 6341.0
57.9178063055 0.0771945404167 2860.81927736 6810.0
51.7997779892 0.0523395061976 3300.88489448 8102.0
63.8737563896 0.0585466896836 2865.22793784 6249.0
54.4413080269 0.0733659752423 3032.85367754 6789.0
64.1662437738 0.071652806684 2746.35939821 6030.0
70.0 0.0718325876894 2963.18113654 5793.0
67.1276109706 0.0657633572454 2611.6357914 5729.0
59.621188279 0.0603037912471 3201.63952943 6249.0
68.4545759868 0.0703354812614 3130.5694313 5902.0
68.0894956834 0.0617613967085 2500.0 5841.0
53.2272803797 0.0694490748214 2921.07031574 7298.0
51.142962379 0.0643302324335 2687.06660116 7948.0
61.8202462457 0.0621222988331 2636.86884866 6315.0
54.4063163462 0.0706827899206 3124.37665825 7117.0
69.8586192152 0.073310507396 2550.21200631 5965.0
70.0 0.0727456690094 2787.12610818 5878.0
70.0 0.0620265073586 2526.45872346 5759.0
63.1448573135 0.059500657721 2924.19327926 6112.0
69.6328664666 0.0661048202766 3008.10506387 5928.0
70.0 0.0580536770029 2500.0 5767.0
55.9448280506 0.0660686499331 2889.25791167 7136.0
54.7088606256 0.0705248709548 2500.0 7296.0
62.338505645 0.0643679672359 2550.07063289 6471.0
58.1445092514 0.0687791926893 3062.66642397 6642.0
70.0 0.0727637355608 2500.0 5962.0
69.993116169 0.0728101366128 2720.89408966 5885.0
69.8869633905 0.062434605789 2542.32821068 5850.0
66.4853426386 0.059640794851 2666.76585117 6111.0
68.6457801902 0.0646480698561 2889.93576271 6106.0
70.0 0.0573666692327 2500.0 5911.0
62.4173324824 0.0687152406345 2794.50041493 6411.0
59.3431558293 0.0731496367815 2500.0 6958.0
64.5213255787 0.0655667181234 2644.30216386 6488.0
61.2055525325 0.0667146915205 2940.61585149 6850.0
70.0 0.0711122044871 2500.0 6074.0
69.5209977211 0.0703672960823 2723.67770008 6130.0
67.7220586487 0.0640384836099 2585.20479708 6232.0
68.4584683218 0.0619306101734 2523.64347597 6156.0
67.9090515883 0.0644077904852 2782.83475001 6143.0
70.0 0.0602063823868 2500.0 6094.0
66.7363137684 0.0692337578745 2719.71831334 6205.0
62.8038463752 0.0727624573489 2500.0 6816.0
66.6533036761 0.0637942513636 2752.08718919 6374.0
63.9899729729 0.0657354435668 2898.29286988 6615.0
69.8232455557 0.0693952761873 2522.74823694 6243.0
68.5195556619 0.0677651806324 2778.86898879 6094.0
66.2684699586 0.0656999013306 2611.0954944 6368.0
67.9869779518 0.0633730376644 2502.2172703 6303.0
67.4710526761 0.0656570814924 2815.17997888 6287.0
69.0198678475 0.0629914877371 2506.84259604 6222.0
68.9781525195 0.0678304591226 2651.19642248 6364.0
66.108110792 0.0723895842358 2500.0 6455.0
67.710609115 0.0629673233318 2802.4236004 6416.0
66.5091714008 0.0652553182062 2808.57065118 6579.0
68.7062690402 0.0676379030137 2546.70979382 6334.0
68.3875522742 0.0676595885133 2866.15836551 6424.0
66.0358395217 0.0665672396897 2624.31409527 6761.0
66.8374209784 0.0638098708992 2545.398621 6687.0
67.3787665628 0.066496872884 2812.13638869 6660.0
68.5134264498 0.0631479157048 2555.32466307 6379.0
68.7020480113 0.0666560106077 2623.27763725 6459.0
67.8619048628 0.0704651414501 2522.57579361 6726.0
66.9214415758 0.0620052942548 2751.6627044 6587.0
67.8791304603 0.0651661756855 2745.80743496 6759.0
68.3482972205 0.0682697679239 2547.74479736 6806.0
68.6306239361 0.068870963932 2841.92025765 6806.0
66.7389349361 0.0665295706217 2629.34292802 7007.0
66.1999959708 0.063791214938 2591.44661275 6823.0
67.4810960381 0.0678896474827 2833.703509 6723.0
68.0555508481 0.0633070813876 2583.47338806 6956.0
68.1030234866 0.066609624647 2615.42080822 7249.0
68.1797348719 0.0673445658767 2559.72329421 7212.0
65.5017470171 0.0615182155932 2722.64397778 7979.0
67.7839963813 0.0653417351547 2720.66154277 7745.0
68.7079856798 0.0692341047786 2539.30577848 7561.0
