18159 0 0
18210 0 0
18262 2 2
18313 5 5
18364 10 10
18415 18 17
18467 27 27
18518 38 39
18569 52 55
18620 69 73
18671 88 92
18722 110 114
18774 134 137
18825 159 162
18876 186 188
18927 214 216
18978 242 245
19030 270 274
19081 299 303
19132 328 332
19183 358 360
19234 388 389
19286 415 419
19337 440 454
19388 454 499
19439 465 542
19490 485 577
19542 506 604
19593 532 625
19645 560 647
19696 583 669
19747 604 696
19800 619 731
19851 634 764
19902 652 792
19955 673 819
20006 691 842
20057 709 865
20108 728 887
20159 746 910
20210 763 933
20261 778 958
20312 793 983
20363 808 1007
20414 823 1030
20465 839 1053
20516 856 1075
20567 871 1098
20618 888 1121
20669 905 1144
20720 923 1167
20771 940 1192
20824 958 1218
20875 975 1243
20926 992 1270
20979 1011 1297
21030 1030 1323
21081 1050 1347
21132 1073 1370
21183 1097 1393
21234 1122 1416
21285 1147 1439
21336 1170 1462
21387 1193 1487
21438 1216 1513
21489 1235 1544
21540 1254 1577
21591 1271 1610
21642 1287 1644
21693 1306 1675
21744 1325 1704
21795 1345 1731
21848 1367 1758
21899 1388 1781
21950 1411 1804
22001 1434 1825
22052 1458 1846
22103 1480 1867
22154 1504 1887
22205 1530 1906
22256 1570 1917
22307 1615 1922
22358 1657 1924
22409 1700 1925
22460 1731 1935
22511 1755 1949
22562 1776 1965
22614 1797 1985
22665 1818 2007
22716 1841 2030
22767 1866 2052
22818 1892 2074
22870 1918 2099
22921 1943 2125
22972 1965 2157
23023 1973 2206
23074 1976 2255
23126 1977 2303
23177 1988 2341
23228 2000 2373
23279 2008 2409
23330 2023 2436
23382 2042 2460
23433 2061 2482
23484 2083 2505
23535 2106 2528
23586 2128 2554
23638 2149 2582
23689 2168 2614
23740 2185 2653
23791 2204 2685
23842 2228 2715
23896 2254 2742
23947 2279 2769
23998 2303 2796
24051 2327 2825
24102 2349 2853
24153 2367 2886
24206 2387 2920
24257 2407 2950
24308 2426 2979
24361 2447 3008
24412 2467 3032
24463 2487 3057
24514 2509 3079
24565 2529 3102
24616 2548 3127
24667 2564 3154
24718 2580 3184
24769 2596 3213
24820 2613 3240
24871 2632 3264
24922 2656 3285
24973 2691 3300
25024 2724 3316
25075 2751 3339
25126 2775 3364
25177 2797 3390
25231 2821 3419
25282 2845 3445
25333 2869 3469
25385 2896 3493
25436 2920 3515
25487 2944 3539
25538 2968 3562
25589 2990 3586
25640 3013 3609
25691 3035 3632
25742 3058 3654
25793 3082 3676
25844 3103 3699
25895 3124 3724
25946 3143 3749
25997 3161 3778
26048 3178 3810
26099 3196 3842
26150 3213 3869
26201 3232 3894
26254 3253 3918
26305 3272 3940
26356 3290 3963
26407 3307 3988
26458 3322 4015
26509 3337 4041
26560 3354 4066
26611 3370 4089
26662 3386 4112
26713 3402 4135
26764 3418 4157
26815 3435 4179
26866 3452 4201
26917 3468 4223
26969 3484 4247
27020 3500 4272
27071 3516 4297
27123 3534 4323
27174 3550 4346
27225 3567 4371
27278 3585 4397
27329 3603 4422
27380 3621 4447
27433 3640 4474
27484 3658 4499
27535 3676 4526
27589 3695 4556
27640 3714 4583
27691 3734 4609
27744 3755 4636
27795 3778 4660
27846 3802 4683
27899 3828 4707
27950 3853 4730
28001 3877 4753
28055 3902 4780
28106 3924 4806
28157 3943 4836
28210 3963 4869
28261 3980 4902
28312 3996 4937
28364 4014 4970
28416 4033 4998
28467 4053 5025
28519 4076 5050
28570 4097 5073
28621 4120 5096
28674 4144 5118
28725 4167 5140
28776 4190 5161
28827 4213 5182
28878 4240 5200
28929 4279 5211
28980 4323 5217
29031 4367 5219
29082 4409 5220
29133 4441 5233
29184 4464 5247
29235 4486 5264
29286 4507 5284
29337 4528 5307
29388 4552 5330
29440 4576 5351
29491 4602 5373
29543 4629 5399
29594 4652 5424
29645 4674 5455
29696 4680 5505
29747 4683 5552
29798 4684 5600
29849 4689 5639
29900 4701 5668
29952 4713 5695
30003 4729 5718
30054 4748 5739
30105 4767 5760
30156 4787 5784
30208 4807 5811
30259 4827 5838
30310 4847 5867
30361 4866 5898
30412 4885 5933
30464 4905 5964
30515 4927 5992
30567 4952 6020
30618 4975 6046
30669 4998 6073
30720 5020 6099
30771 5042 6127
30822 5061 6156
30873 5080 6187
30924 5099 6217
30976 5119 6245
31027 5138 6273
31078 5157 6300
31129 5177 6325
31180 5198 6349
31232 5220 6372
31283 5239 6397
31334 5258 6423
31385 5274 6453
31436 5292 6484
31488 5308 6512
31539 5327 6539
31591 5350 6564
31642 5384 6581
31693 5421 6592
31746 5452 6614
31797 5476 6639
31848 5496 6668
31901 5519 6699
31952 5542 6725
32003 5566 6750
32056 5594 6775
32107 5620 6797
32158 5645 6820
32209 5670 6844
32260 5693 6867
32311 5716 6891
32362 5739 6915
32413 5762 6938
32464 5785 6960
32515 5807 6983
32566 5828 7008
32617 5847 7034
32668 5866 7062
32719 5882 7094
32770 5898 7124
32821 5916 7151
32872 5935 7176
32925 5956 7201
32976 5975 7223
33027 5993 7246
33078 6010 7270
33129 6025 7297
33180 6041 7323
33231 6057 7348
33282 6073 7372
33333 6089 7396
33384 6106 7420
33435 6123 7442
33486 6140 7464
33537 6158 7486
33588 6175 7509
33639 6192 7534
33690 6207 7560
33741 6223 7585
33794 6241 7612
33845 6257 7636
33896 6275 7661
33947 6293 7686
33998 6311 7711
34049 6329 7736
34100 6347 7761
34151 6366 7787
34202 6383 7814
34253 6401 7842
34304 6419 7868
34355 6439 7894
34406 6460 7920
34457 6482 7944
34508 6506 7968
34560 6531 7990
34611 6555 8013
34663 6581 8037
34714 6604 8061
34765 6626 8087
34818 6647 8117
34869 6664 8148
34920 6681 8180
34973 6698 8214
35024 6716 8244
35075 6734 8273
35128 6755 8302
35179 6775 8328
35230 6796 8352
35281 6819 8376
35332 6842 8397
35383 6866 8419
35434 6889 8440
35485 6913 8461
35536 6939 8480
35587 6975 8493
35638 7020 8499
35689 7065 8502
35740 7107 8504
35791 7140 8513
35842 7164 8527
35893 7186 8544
35944 7207 8563
35997 7230 8586
36048 7253 8608
36099 7277 8629
36150 7302 8652
36201 7328 8676
36252 7352 8701
36303 7375 8732
36354 7383 8777
36405 7389 8825
36456 7390 8874
36507 7391 8923
36558 7398 8958
36609 7410 8981
36660 7428 9000
36711 7451 9019
36762 7472 9038
36813 7492 9063
36864 7510 9091
36915 7528 9123
36966 7549 9154
37017 7570 9184
37068 7590 9216
37120 7611 9248
37171 7634 9278
37222 7658 9306
37273 7682 9335
37324 7705 9362
37376 7729 9390
37427 7751 9418
37478 7772 9448
37529 7790 9480
37580 7810 9512
37632 7829 9540
37683 7849 9568
37735 7869 9595
37786 7890 9620
37837 7911 9643
37890 7932 9667
37941 7951 9691
37992 7968 9718
38043 7984 9747
38094 8001 9777
38145 8018 9804
38196 8037 9830
38247 8059 9853
38298 8091 9870
38349 8127 9884
38400 8156 9905
38451 8180 9930
38502 8204 9957
38553 8227 9985
38604 8251 10012
38656 8275 10037
38707 8300 10061
38759 8326 10085
38810 8350 10108
38861 8375 10131
38914 8399 10155
38965 8421 10178
39016 8444 10201
39069 8468 10225
39120 8490 10247
39171 8511 10269
39224 8533 10295
39275 8552 10320
39326 8570 10348
39377 8586 10379
39428 8603 10410
39479 8620 10437
39530 8639 10462
39581 8658 10485
39632 8678 10507
39683 8696 10530
39734 8713 10554
39785 8728 10580
39836 8744 10606
39887 8759 10631
39938 8775 10656
39989 8792 10679
40040 8808 10702
40093 8825 10726
40144 8842 10748
40195 8860 10769
40246 8877 10792
40297 8893 10816
40348 8909 10842
40399 8925 10867
40450 8941 10892
40501 8958 10917
40552 8976 10942
40603 8993 10966
40654 9011 10991
40705 9028 11016
40756 9046 11040
40807 9065 11067
40858 9082 11093
40909 9100 11120
40960 9118 11146
41011 9137 11173
41062 9158 11199
41113 9180 11223
41164 9203 11248
41216 9228 11270
41267 9253 11293
41318 9278 11316
41369 9303 11340
41420 9326 11367
41472 9346 11395
41523 9365 11428
41574 9383 11460
41625 9399 11496
41676 9417 11529
41728 9436 11559
41779 9457 11588
41831 9479 11616
41882 9501 11640
41933 9525 11664
41986 9550 11687
42037 9575 11709
42088 9599 11732
42142 9624 11754
42193 9653 11773
42244 9694 11782
42296 9738 11787
42347 9781 11790
42398 9821 11792
42449 9851 11804
42500 9874 11819
42551 9896 11837
42602 9917 11857
42653 9939 11878
42704 9962 11899
42755 9987 11920
42806 10012 11943
42857 10036 11967
42908 10060 11993
42959 10079 12024
43010 10084 12073
43061 10089 12121
43112 10089 12167
43165 10103 12203
43216 10113 12236
43267 10120 12271
43318 10134 12298
43369 10153 12321
43420 10174 12342
43471 10196 12364
43522 10218 12388
43573 10241 12413
43624 10261 12442
43675 10279 12475
43726 10296 12512
43777 10316 12545
43828 10339 12575
43880 10366 12602
43931 10392 12629
43982 10417 12657
44034 10442 12686
44085 10463 12716
44136 10482 12751
44189 10502 12787
44240 10523 12817
44291 10544 12846
44344 10566 12876
44395 10587 12902
44446 10610 12927
44497 10632 12951
44548 10652 12977
44599 10671 13004
44650 10687 13034
44701 10704 13064
44752 10721 13094
44803 10739 13120
44854 10762 13143
44905 10801 13155
44956 10836 13168
45007 10863 13189
45058 10886 13215
45109 10906 13242
45160 10926 13270
45213 10951 13298
45264 10975 13321
45315 11000 13343
45368 11027 13367
45419 11052 13389
45470 11076 13412
45521 11099 13436
45572 11122 13460
45623 11144 13484
45674 11167 13507
45725 11191 13530
45776 11213 13553
45827 11234 13577
45878 11254 13602
45929 11273 13630
45980 11289 13661
46031 11305 13692
46082 11322 13720
46133 11340 13745
46184 11360 13768
46235 11380 13791
46286 11399 13815
46337 11417 13839
46388 11433 13866
46439 11449 13893
46490 11465 13920
46541 11481 13946
46592 11498 13969
46643 11515 13993
46694 11532 14016
46745 11550 14038
46796 11568 14061
46848 11585 14083
46899 11602 14108
46951 11618 14134
47002 11633 14159
47053 11649 14184
47107 11667 14209
47158 11684 14234
47209 11701 14258
47261 11719 14283
47312 11737 14307
47363 11754 14331
47416 11773 14359
47467 11791 14384
47518 11808 14412
47569 11826 14438
47620 11846 14463
47671 11866 14489
47722 11888 14513
47773 11912 14536
47824 11936 14559
47875 11960 14581
47926 11984 14605
47977 12008 14629
48028 12030 14654
48079 12051 14682
48130 12069 14714
48181 12086 14746
48232 12102 14780
48285 12120 14814
48336 12138 14842
48387 12157 14868
48440 12178 14896
48491 12200 14919
48542 12222 14941
48593 12244 14964
48644 12267 14985
48695 12290 15006
48746 12312 15027
48797 12337 15047
48848 12371 15062
48899 12412 15069
48950 12455 15073
49001 12497 15074
49052 12532 15081
49103 12558 15095
49154 12581 15111
49205 12603 15129
49256 12626 15149
49307 12649 15171
49358 12673 15192
49409 12698 15213
49460 12722 15236
49511 12747 15261
49562 12769 15288
49613 12785 15325
49664 12788 15374
49715 12789 15421
49766 12792 15464
49817 12809 15493
49868 12817 15528
49920 12824 15566
49971 12842 15593
50023 12863 15616
50074 12884 15638
50125 12910 15659
50178 12935 15685
50229 12957 15713
50280 12977 15746
50333 12990 15791
50384 13009 15826
50435 13034 15856
50486 13065 15881
50537 13094 15906
50588 13121 15933
50639 13146 15962
50690 13168 15993
50741 13184 16033
50792 13203 16069
50843 13225 16099
50894 13248 16128
50945 13271 16156
50996 13294 16182
51047 13317 16209
51098 13339 16235
51149 13360 16261
51200 13378 16290
51251 13396 16321
51302 13412 16352
51353 13429 16381
51404 13449 16408
51456 13473 16431
51507 13513 16440
51558 13547 16455
51609 13560 16480
51660 13573 16502
51712 13605 16511
51763 13629 16518
51814 13638 16530
51865 13648 16535
51916 13654 16540
51968 13657 16543
52019 13658 16545
52071 13659 16549
52122 13659 16551
52173 13659 16551
