1452 1448 1168 1336 1828 1616
12258 0.00 0.00 0.00
12359 -0.06 7.95 -0.35
12460 -0.09 37.30 -2.69
12563 -0.08 74.59 -5.67
12664 -0.10 138.00 -11.35
12765 -0.09 214.94 -17.75
12868 -0.08 288.72 -23.63
12969 -0.08 393.46 -31.73
13070 -0.08 504.53 -40.54
13171 -0.09 605.25 -49.07
13273 -0.06 739.47 -57.64
13375 -0.18 852.28 -72.01
13478 -0.69 991.76 -138.53
13581 -1.17 1071.78 -268.32
13684 -1.40 1103.75 -388.01
13787 -1.77 1097.08 -544.66
13890 -2.17 1029.62 -684.19
13992 -2.42 943.21 -779.42
14093 -2.91 798.34 -843.72
14196 -3.28 668.44 -842.56
14300 -3.56 518.38 -793.18
14402 -3.95 395.71 -698.30
14504 -4.13 319.70 -595.30
14606 -4.10 232.57 -468.81
14708 -4.14 158.32 -361.50
14809 -4.77 111.43 -203.41
14911 -5.84 225.38 -97.98
15012 -6.19 329.13 -78.63
15113 -5.75 443.44 -38.30
15214 -5.56 517.78 21.49
15315 -5.34 601.87 112.44
15419 -4.05 611.40 202.94
15521 -2.57 527.81 177.55
15623 -2.24 485.80 129.97
15725 -2.46 452.60 99.18
15828 -2.53 405.68 64.91
15930 -2.54 348.63 25.68
16033 -2.48 295.96 -12.83
16135 -2.44 224.61 -71.41
16236 -2.50 146.10 -133.77
16339 -2.79 67.26 -177.75
16442 -4.13 -13.99 -137.38
16545 -4.97 -30.06 -47.11
16647 -5.66 28.32 12.56
16748 -5.60 83.09 56.19
16849 -5.77 140.48 94.76
16952 -5.93 227.01 132.97
17054 -6.10 307.97 153.36
17157 -6.42 420.48 151.07
17258 -6.58 531.92 124.78
17360 -6.78 623.89 83.20
17462 -6.98 729.90 11.68
17564 -7.24 799.46 -71.98
17665 -7.60 853.16 -199.67
17766 -7.76 874.24 -334.81
17868 -8.09 862.83 -455.37
17969 -8.61 785.31 -587.94
18071 -8.27 705.33 -698.13
18173 -8.01 675.73 -859.88
18275 -8.07 650.67 -985.52
18377 -8.09 611.84 -1151.34
18479 -8.09 571.32 -1318.41
18581 -8.06 541.86 -1456.16
18684 -8.55 465.63 -1627.01
18785 -9.51 296.81 -1668.51
18887 -9.90 174.67 -1629.80
18989 -10.24 74.74 -1537.97
19090 -10.12 5.76 -1474.36
19192 -10.19 -92.22 -1391.92
19293 -10.43 -176.10 -1289.30
19395 -10.74 -215.74 -1187.32
19499 -11.09 -222.37 -1047.39
19601 -11.40 -181.94 -910.56
19704 -11.70 -115.20 -811.13
19807 -12.02 3.97 -720.10
19908 -12.08 109.39 -664.08
20009 -12.08 242.79 -592.87
20110 -12.30 383.87 -533.38
20212 -12.98 509.73 -543.15
20313 -13.70 608.08 -658.62
20416 -13.79 643.51 -756.66
20517 -13.53 706.83 -870.39
20620 -13.44 786.70 -975.56
20723 -12.56 883.11 -1023.37
20826 -10.62 892.84 -931.70
20928 -10.21 846.42 -878.64
21030 -10.64 818.99 -831.54
21131 -10.79 806.21 -783.09
21232 -10.84 797.68 -734.50
21334 -10.85 788.19 -662.70
21435 -10.80 773.96 -581.98
21538 -10.81 759.62 -507.74
21641 -10.92 745.51 -404.52
21744 -11.97 788.47 -305.82
21848 -12.85 887.74 -313.26
21950 -13.96 938.72 -384.84
22052 -13.96 947.76 -460.65
22154 -13.97 959.14 -520.86
22255 -14.18 962.46 -606.54
22358 -14.34 948.57 -701.74
22460 -14.56 922.60 -778.48
22562 -14.80 863.14 -867.71
22665 -14.99 783.08 -951.65
22766 -15.14 703.07 -1007.97
22868 -15.41 588.21 -1061.70
22971 -15.63 486.91 -1077.35
23073 -15.98 352.01 -1058.54
23176 -16.15 220.86 -1009.85
23278 -16.49 128.77 -941.25
23380 -16.94 55.12 -813.45
23481 -16.50 -28.56 -677.08
23583 -16.40 -131.64 -594.49
23685 -16.46 -255.71 -482.54
23787 -16.45 -353.64 -392.68
23888 -16.46 -483.53 -271.74
23991 -16.48 -616.05 -152.54
24094 -17.00 -691.49 -27.65
24197 -17.95 -625.86 139.87
24299 -18.45 -507.32 225.72
24400 -18.66 -405.78 249.01
24502 -18.46 -292.56 286.21
24605 -18.59 -174.46 326.58
24708 -18.76 -72.47 343.15
24810 -19.15 63.51 320.81
24913 -19.52 186.26 251.74
25016 -19.76 264.13 169.09
25119 -20.11 328.08 40.96
25222 -20.40 344.70 -107.28
25323 -20.43 342.40 -227.43
25424 -20.43 339.45 -378.62
25527 -20.63 326.27 -500.20
25630 -21.51 236.27 -624.80
25733 -22.14 90.60 -638.86
25835 -22.18 -10.48 -616.90
25936 -21.95 -139.04 -612.17
26038 -21.83 -267.18 -625.73
26141 -20.92 -359.83 -687.44
26244 -19.03 -295.42 -737.74
26346 -18.64 -227.00 -730.22
26448 -19.09 -175.82 -732.67
26550 -19.26 -134.06 -748.12
26651 -19.34 -80.14 -775.49
26752 -19.38 -30.47 -804.07
26855 -19.32 39.53 -841.90
26956 -19.31 124.25 -884.25
27059 -19.38 194.66 -922.99
27162 -20.03 271.26 -997.03
27265 -21.37 207.03 -1091.85
27368 -22.11 136.27 -1106.33
27469 -22.38 69.24 -1081.33
27571 -22.41 -3.78 -1051.78
27673 -22.60 -66.34 -1013.93
27776 -22.79 -140.75 -948.07
27878 -23.00 -192.37 -881.60
27979 -23.27 -233.68 -776.67
28082 -23.45 -256.89 -660.55
28183 -23.60 -257.71 -567.50
28285 -23.87 -236.58 -442.43
28388 -24.15 -179.35 -328.24
28490 -24.41 -104.54 -249.27
28593 -24.57 7.10 -166.27
28695 -24.90 112.13 -125.99
28797 -25.37 262.55 -132.01
28898 -24.90 421.48 -133.90
29000 -24.78 539.67 -91.07
29102 -24.85 697.03 -42.40
29204 -24.85 855.93 4.03
29305 -24.86 991.50 42.29
29408 -24.87 1165.72 95.70
29510 -25.29 1312.09 103.26
29611 -26.30 1431.25 -29.15
29713 -26.86 1448.60 -177.19
29814 -27.10 1413.35 -275.20
29916 -26.91 1380.30 -386.36
30019 -26.96 1358.36 -484.18
30121 -27.18 1310.85 -605.49
30225 -27.53 1225.42 -708.45
30327 -27.80 1133.68 -768.21
30428 -28.15 994.19 -804.69
30530 -28.42 878.43 -801.08
30633 -28.77 737.77 -747.46
30735 -28.85 613.55 -668.47
30836 -28.85 512.18 -602.45
30939 -29.01 385.05 -509.82
31042 -29.90 323.47 -373.73
31144 -30.46 371.07 -263.86
31247 -30.63 462.95 -171.28
31348 -30.37 536.65 -66.85
31450 -30.30 584.21 24.11
31552 -29.67 607.93 156.56
31655 -27.41 541.72 144.81
31757 -27.02 508.39 81.99
31859 -27.40 477.30 19.27
31962 -27.66 442.34 -9.54
32065 -27.74 405.11 -32.54
32166 -27.82 347.15 -62.51
32268 -27.78 279.00 -97.04
32371 -27.77 216.96 -131.20
32473 -27.80 130.73 -177.53
32575 -28.09 27.57 -213.62
32678 -29.64 -27.14 -149.64
32781 -30.62 -2.31 -31.08
32882 -31.27 65.88 -9.04
32984 -31.20 135.72 2.53
33086 -31.28 214.48 18.25
33187 -31.40 287.59 21.83
33289 -31.56 386.64 13.72
33391 -31.83 469.04 -12.57
33492 -32.00 566.36 -69.83
33595 -32.22 655.92 -147.16
33696 -32.34 717.85 -221.88
33797 -32.65 773.95 -333.77
33899 -32.88 794.59 -433.28
34001 -33.15 783.47 -566.24
34104 -33.36 748.35 -696.57
34206 -33.73 682.72 -793.59
34309 -34.07 555.76 -876.98
34412 -33.52 450.94 -995.27
34514 -33.52 388.06 -1107.81
