Resultados
Minimos:
160 120 120 160 204 204
Maximos:
1760 1824 1560 1652 1928 1920
35340 0 0
35391 0 0
35442 2 2
35494 4 5
35545 7 9
35596 14 14
35649 24 22
35700 35 32
35751 48 47
35804 64 65
35855 81 84
35906 103 105
35957 126 128
36008 151 152
36059 177 178
36110 205 206
36161 234 235
36212 264 266
36263 295 297
36314 326 327
36365 358 358
36416 388 391
36467 416 428
36518 424 479
36569 438 523
36620 457 555
36673 481 583
36724 512 602
36775 543 621
36828 569 647
36879 576 686
36930 582 729
36984 599 761
37035 620 785
37086 646 805
37139 674 826
37190 698 849
37241 718 876
37294 728 915
37345 743 949
37396 763 977
37449 787 1003
37500 810 1026
37551 832 1050
37603 853 1077
37654 870 1106
37705 887 1138
37758 904 1169
37809 922 1195
37860 942 1221
37913 963 1247
37964 983 1271
38016 1003 1296
38069 1024 1321
38120 1045 1344
38171 1067 1366
38222 1089 1388
38273 1112 1409
38324 1135 1431
38375 1157 1453
38426 1178 1477
38477 1196 1505
38528 1213 1534
38579 1230 1565
38630 1246 1595
38681 1263 1625
38732 1281 1653
38784 1299 1681
38835 1318 1706
38886 1339 1731
38937 1362 1754
38988 1384 1776
39040 1408 1798
39091 1432 1820
39142 1455 1841
39193 1480 1863
39244 1509 1881
39296 1549 1891
39347 1592 1895
39398 1635 1897
39449 1673 1903
39500 1703 1916
39552 1727 1938
39603 1746 1968
39654 1769 1994
39705 1801 2017
39756 1840 2035
39808 1874 2057
39859 1903 2083
39910 1918 2123
39961 1926 2170
40012 1932 2216
40064 1934 2262
40117 1948 2299
40168 1960 2327
40219 1975 2354
40270 1995 2378
40321 2018 2400
40372 2039 2426
40423 2059 2456
40474 2076 2489
40525 2093 2523
40576 2111 2554
40627 2131 2584
40678 2153 2612
40729 2176 2638
40780 2200 2663
40832 2224 2689
40883 2246 2717
40934 2267 2745
40985 2287 2775
41036 2305 2806
41088 2324 2836
41139 2342 2864
41190 2362 2891
41241 2383 2917
41292 2403 2943
41344 2424 2967
41395 2445 2992
41446 2466 3016
41497 2485 3042
41548 2504 3070
41600 2520 3101
41651 2537 3131
41702 2555 3159
41753 2573 3187
41804 2597 3211
41856 2633 3226
41907 2668 3240
41958 2698 3260
42009 2722 3289
42060 2740 3322
42112 2761 3354
42163 2787 3382
42214 2821 3404
42265 2857 3425
42316 2888 3449
42368 2916 3477
42419 2937 3512
42470 2959 3546
42521 2985 3575
42572 3015 3601
42624 3048 3625
42675 3078 3649
42726 3105 3678
42777 3112 3719
42828 3117 3762
42880 3133 3794
42931 3155 3818
42982 3189 3831
43033 3220 3848
43084 3239 3875
43136 3245 3917
43187 3255 3953
43238 3275 3980
43289 3298 4002
43340 3324 4024
43392 3348 4047
43443 3369 4075
43494 3383 4109
43545 3400 4142
43596 3420 4170
43648 3442 4198
43699 3463 4223
43750 3484 4250
43801 3503 4278
43852 3521 4308
43904 3538 4338
43955 3556 4366
44006 3576 4392
44057 3596 4417
44108 3616 4442
44160 3635 4467
44213 3654 4495
44264 3671 4520
44315 3688 4546
44368 3708 4573
44419 3727 4595
44470 3749 4616
44523 3774 4637
44574 3797 4657
44625 3820 4678
44678 3842 4701
44729 3863 4724
44780 3882 4750
44833 3900 4781
44884 3917 4809
44935 3934 4837
44986 3950 4867
45037 3966 4896
45088 3984 4924
45139 4003 4951
45190 4022 4976
45241 4044 5000
45292 4067 5024
45343 4091 5046
45394 4116 5069
45445 4139 5091
45496 4164 5114
45547 4190 5135
45598 4223 5151
45649 4267 5157
45702 4314 5159
45753 4357 5161
45804 4391 5171
45857 4419 5186
45908 4434 5215
45959 4450 5244
46012 4477 5270
46063 4510 5289
46114 4546 5306
46168 4580 5331
46219 4605 5361
46270 4620 5404
46323 4634 5451
46374 4644 5496
46425 4649 5544
46478 4651 5595
46529 4655 5635
46580 4673 5663
46633 4713 5677
46684 4743 5691
46735 4770 5713
46789 4790 5747
46840 4804 5785
46891 4824 5819
46944 4848 5851
46995 4872 5881
47046 4897 5912
47099 4923 5943
47150 4947 5973
47201 4971 6005
47255 4996 6038
47306 5019 6069
47357 5041 6101
47410 5062 6134
47461 5082 6165
47512 5102 6195
47565 5123 6226
47616 5143 6253
47667 5165 6278
47719 5188 6303
47770 5209 6326
47821 5229 6351
47874 5248 6381
47925 5263 6412
47976 5279 6444
48027 5297 6473
48078 5317 6499
48129 5346 6517
48180 5383 6529
48231 5415 6546
48282 5441 6569
48333 5461 6599
48384 5481 6630
48435 5503 6659
48486 5530 6685
48537 5560 6709
48588 5591 6732
48640 5620 6756
48691 5647 6782
48743 5673 6811
48794 5696 6840
48845 5720 6869
48898 5746 6896
48949 5772 6921
49000 5798 6945
49051 5822 6970
49102 5844 6997
49153 5856 7032
49204 5868 7068
49255 5884 7096
49306 5905 7120
49357 5928 7141
49408 5952 7160
49459 5974 7182
49510 5989 7211
49561 5997 7246
49612 6012 7276
49664 6030 7301
49715 6050 7322
49767 6073 7343
49818 6092 7365
49869 6110 7389
49922 6127 7417
49973 6142 7444
50024 6158 7471
50075 6174 7496
50126 6190 7519
50177 6207 7542
50228 6224 7564
50279 6241 7587
50330 6257 7611
50381 6273 7635
50432 6288 7658
50483 6305 7681
50534 6322 7704
50585 6340 7728
50636 6357 7753
50688 6374 7778
50739 6391 7803
50791 6410 7830
50842 6429 7854
50893 6450 7877
50946 6472 7902
50997 6496 7923
51048 6520 7945
51101 6546 7969
51152 6569 7993
51203 6591 8018
51256 6614 8048
51307 6633 8079
51358 6651 8111
51409 6666 8143
51460 6682 8173
51511 6699 8201
51562 6717 8228
51613 6738 8253
51664 6759 8275
51715 6780 8298
51766 6802 8320
51817 6824 8341
51868 6845 8363
51919 6867 8385
51970 6889 8406
52021 6915 8424
52072 6951 8437
52123 6992 8444
52174 7034 8448
52225 7073 8451
52276 7107 8461
52327 7135 8473
52378 7159 8493
52429 7180 8517
52480 7203 8542
52531 7229 8565
52582 7257 8587
52633 7285 8610
52684 7312 8635
52736 7335 8665
52787 7346 8708
52840 7353 8755
52891 7354 8801
52942 7361 8838
52994 7371 8867
53045 7381 8893
53096 7396 8917
53149 7417 8940
53200 7435 8963
53251 7457 8985
53304 7479 9012
53355 7498 9039
53406 7517 9069
53457 7533 9104
53508 7549 9137
53559 7570 9167
53610 7594 9193
53661 7620 9218
53712 7646 9244
53763 7670 9271
53814 7692 9299
53865 7712 9333
53916 7729 9368
53967 7749 9401
54018 7769 9430
54069 7790 9457
54120 7812 9484
54173 7836 9511
54224 7858 9535
54275 7880 9559
54326 7900 9586
54377 7919 9615
54428 7935 9648
54479 7952 9680
54530 7970 9709
54581 7989 9736
54632 8015 9759
54683 8051 9772
54734 8086 9787
54785 8113 9808
54836 8135 9836
54888 8153 9870
54939 8175 9899
54990 8200 9925
55042 8231 9948
55093 8262 9970
55144 8291 9993
55195 8318 10018
55246 8343 10047
55297 8365 10077
55348 8388 10107
55399 8414 10133
55450 8441 10157
55501 8468 10181
55552 8493 10205
55603 8517 10231
55654 8526 10268
55705 8535 10306
55756 8550 10332
55808 8569 10356
55859 8595 10375
55911 8622 10395
55962 8645 10417
56013 8659 10450
56066 8668 10488
56117 8684 10518
56168 8704 10542
56221 8727 10566
56272 8748 10588
56323 8768 10611
56376 8787 10640
56427 8803 10669
56478 8820 10698
56529 8838 10725
56580 8856 10750
56631 8874 10776
56682 8893 10800
56733 8911 10826
56784 8928 10851
56835 8945 10876
56886 8963 10902
56937 8980 10926
56988 8999 10951
57039 9017 10976
57090 9034 11001
57141 9051 11026
57192 9069 11052
57243 9087 11078
57294 9106 11102
57345 9126 11126
57396 9148 11148
57447 9172 11170
57498 9196 11191
57549 9220 11213
57600 9243 11236
57651 9266 11261
57702 9285 11288
57753 9304 11318
57804 9323 11349
57856 9340 11378
57907 9357 11409
57959 9375 11442
58010 9392 11471
58061 9411 11499
58114 9433 11525
58165 9455 11549
58216 9480 11571
58267 9504 11592
58318 9528 11615
58369 9551 11636
58420 9574 11659
58471 9599 11680
58522 9633 11694
58573 9676 11701
58624 9719 11705
58675 9763 11706
58726 9799 11716
58777 9827 11730
58828 9849 11753
58880 9865 11783
58931 9887 11810
58983 9918 11833
59034 9951 11853
59085 9983 11874
59136 10011 11900
59187 10023 11946
59238 10033 11990
59289 10040 12036
59340 10043 12084
59392 10043 12130
59443 10056 12163
59494 10073 12187
59545 10101 12203
59596 10129 12220
59648 10153 12244
59699 10171 12279
59750 10185 12322
59801 10206 12356
59853 10230 12388
59904 10255 12418
59955 10281 12449
60008 10308 12481
60059 10333 12512
60110 10357 12545
60163 10381 12579
60214 10405 12612
60265 10429 12644
60318 10453 12677
60369 10474 12709
60420 10494 12740
60473 10515 12772
60524 10536 12801
60575 10558 12827
60630 10583 12853
60681 10605 12877
60732 10625 12902
60784 10644 12931
60835 10659 12963
60886 10674 12994
60939 10692 13025
60990 10717 13046
61041 10757 13054
61094 10797 13066
61145 10828 13083
61196 10849 13111
61249 10859 13153
61300 10878 13183
61351 10910 13203
61404 10949 13216
61455 10982 13236
61506 11008 13262
61557 11022 13301
61608 11040 13337
61659 11066 13366
61710 11102 13385
61761 11141 13403
61812 11174 13426
61863 11197 13459
61914 11208 13501
61965 11225 13540
62016 11246 13573
62067 11273 13601
62118 11302 13627
62169 11329 13653
62220 11354 13683
62273 11371 13724
62324 11384 13765
62375 11402 13801
62428 11425 13831
62479 11449 13857
62530 11475 13882
62584 11500 13908
62635 11522 13935
62686 11539 13967
62739 11555 14003
62790 11572 14033
62841 11590 14061
62894 11610 14087
62945 11631 14110
62996 11650 14133
63049 11669 14157
63100 11686 14182
63151 11702 14206
63203 11718 14233
63254 11733 14256
63305 11750 14280
63356 11766 14302
63407 11782 14324
63458 11798 14346
63509 11814 14368
63560 11831 14390
63611 11848 14412
63662 11867 14432
63713 11888 14453
63764 11909 14473
63815 11931 14493
63866 11953 14514
63918 11975 14537
63969 11997 14560
64020 12017 14585
64073 12037 14615
64124 12055 14646
64175 12072 14677
64227 12089 14711
64278 12107 14741
64329 12125 14771
64380 12145 14799
64431 12167 14826
64482 12191 14850
64533 12215 14874
64584 12241 14897
64635 12266 14919
64686 12291 14942
64737 12316 14965
64788 12344 14985
64839 12384 14996
64890 12427 15003
64942 12472 15005
64993 12516 15007
65044 12550 15018
65097 12576 15038
65148 12589 15070
65199 12607 15099
65251 12633 15124
65302 12668 15141
65353 12703 15159
65406 12736 15184
65457 12750 15225
65508 12763 15267
65561 12773 15315
65612 12779 15361
65664 12786 15405
65717 12801 15439
65768 12814 15469
65819 12829 15500
65872 12848 15530
65923 12867 15557
65974 12891 15582
66027 12916 15609
66078 12940 15636
66129 12961 15667
66182 12975 15711
66233 12992 15747
66284 13015 15777
66337 13044 15805
66388 13073 15829
66439 13100 15854
66492 13128 15884
66543 13146 15919
66594 13158 15960
66648 13179 15994
66699 13202 16022
66750 13227 16047
66803 13254 16074
66854 13278 16099
66905 13300 16125
66958 13322 16157
67009 13339 16189
67060 13356 16223
67111 13376 16254
67162 13395 16282
67213 13416 16310
67264 13439 16337
67315 13467 16357
67366 13506 16370
67417 13539 16388
67468 13566 16412
67519 13582 16447
67570 13600 16481
67621 13624 16510
67672 13657 16531
67723 13694 16547
67774 13726 16569
67827 13749 16602
67878 13760 16642
67929 13779 16675
67982 13813 16696
68033 13855 16706
68084 13891 16725
68135 13918 16752
68186 13930 16790
68237 13940 16831
68288 13958 16865
68339 13980 16894
68390 14005 16921
68441 14030 16946
68492 14054 16972
68543 14077 16999
68594 14096 17033
68645 14107 17072
68696 14125 17105
68747 14145 17131
68798 14169 17156
68851 14194 17181
68902 14216 17204
68953 14235 17231
69006 14253 17263
69057 14269 17294
69108 14285 17324
69159 14302 17351
69210 14320 17376
69261 14340 17401
69312 14358 17424
69363 14377 17447
69414 14394 17471
69465 14410 17495
69516 14426 17520
69567 14443 17544
69618 14460 17568
69669 14476 17592
69720 14493 17616
69771 14510 17640
69822 14528 17664
69875 14547 17690
69926 14566 17712
69977 14586 17734
70030 14609 17757
70081 14632 17778
70132 14655 17800
70185 14680 17823
70236 14702 17846
70287 14723 17871
70338 14743 17899
70389 14761 17930
70440 14779 17960
70491 14795 17990
70542 14811 18021
70593 14828 18049
70644 14846 18077
70695 14866 18102
70746 14886 18126
70797 14908 18149
70848 14931 18171
70899 14954 18193
70950 14977 18214
71001 14999 18236
71052 15023 18258
71103 15050 18277
71154 15088 18289
71205 15130 18293
71256 15173 18295
71307 15213 18299
71358 15245 18309
71409 15271 18327
71460 15286 18362
71511 15304 18391
71562 15333 18414
71613 15376 18426
71664 15415 18440
71715 15445 18465
71766 15458 18504
71817 15469 18548
71868 15476 18593
71919 15488 18632
71970 15504 18665
72022 15520 18696
72073 15533 18730
72124 15536 18776
72175 15551 18811
72226 15568 18840
72278 15597 18862
72329 15629 18883
72380 15656 18909
72431 15672 18947
72482 15682 18992
72534 15699 19030
72585 15724 19059
72636 15764 19078
72687 15797 19099
72738 15825 19130
72792 15838 19178
72843 15850 19219
72894 15870 19254
72945 15898 19281
72996 15934 19302
73047 15965 19326
73098 15988 19360
73149 15996 19406
73200 16012 19444
73251 16035 19474
73302 16064 19499
73353 16093 19525
73404 16120 19553
73455 16133 19595
73506 16146 19636
73558 16169 19666
73609 16209 19680
73661 16252 19694
73712 16294 19707
73763 16328 19728
73816 16345 19768
73867 16357 19807
73918 16375 19842
73971 16410 19865
74022 16451 19877
74073 16486 19897
74127 16516 19925
74178 16534 19961
74229 16553 19998
74281 16580 20031
74332 16613 20053
74383 16649 20075
74434 16682 20101
74485 16705 20136
74536 16717 20179
74587 16728 20223
74638 16739 20266
74689 16761 20295
74740 16791 20316
74791 16825 20332
74842 16853 20354
74893 16872 20386
74944 16882 20426
74995 16896 20463
75046 16916 20491
75097 16939 20517
75150 16967 20541
75201 16991 20565
75252 17015 20590
75307 17031 20627
75358 17042 20666
75409 17058 20699
75461 17079 20727
75512 17103 20751
75563 17126 20773
75616 17150 20798
75667 17170 20824
75718 17188 20854
75771 17204 20889
75822 17220 20919
75873 17239 20947
75927 17261 20974
75978 17282 20998
76029 17303 21021
76082 17326 21044
76133 17347 21066
76184 17369 21088
76236 17392 21112
76288 17413 21133
76339 17435 21155
76392 17457 21179
76443 17477 21202
76494 17496 21228
76546 17513 21256
76597 17528 21286
76648 17543 21316
76699 17559 21345
76750 17576 21372
76801 17594 21398
76852 17613 21423
76903 17634 21447
76954 17655 21470
77005 17679 21492
77056 17701 21513
77107 17723 21535
77158 17746 21557
77209 17770 21579
77260 17798 21598
77312 17837 21608
77363 17879 21613
77415 17925 21616
77466 17963 21619
77517 17994 21631
77570 18021 21648
77621 18039 21678
77672 18059 21707
77723 18085 21731
77774 18118 21751
77825 18152 21771
77876 18184 21794
77927 18210 21825
77978 18222 21870
78029 18230 21916
78080 18234 21962
78131 18234 22010
78182 18246 22045
78233 18259 22073
78284 18276 22096
78336 18299 22116
78387 18325 22136
78439 18349 22162
78490 18369 22193
78541 18384 22232
78592 18402 22267
78643 18424 22300
78694 18448 22331
78745 18474 22360
78796 18501 22389
78848 18528 22418
78899 18553 22448
78950 18576 22481
79001 18597 22515
79052 18617 22549
79104 18638 22581
79155 18659 22611
79206 18681 22639
79257 18702 22667
79308 18724 22694
79360 18745 22719
79411 18767 22744
79463 18788 22770
79514 18807 22796
79565 18824 22825
79618 18841 22857
79669 18857 22886
79720 18875 22914
79773 18897 22940
79824 18924 22959
79875 18961 22969
79926 18993 22987
79977 19018 23010
80028 19034 23043
80079 19052 23076
80130 19074 23102
80181 19104 23126
80232 19137 23147
80283 19169 23170
80334 19197 23195
80385 19223 23223
80436 19247 23255
80487 19271 23287
80538 19296 23317
80589 19323 23343
80642 19355 23369
80693 19384 23394
80744 19411 23421
80797 19427 23459
80848 19432 23501
80899 19445 23533
80952 19466 23561
81003 19498 23574
81054 19529 23589
81105 19547 23617
81156 19552 23655
81207 19560 23693
81258 19576 23723
81309 19599 23746
81360 19627 23767
81411 19653 23790
81462 19676 23815
81513 19693 23849
81564 19707 23885
81615 19725 23918
81666 19746 23946
81717 19768 23972
81768 19790 23997
81819 19812 24023
81870 19832 24050
81921 19849 24080
81972 19866 24111
82023 19884 24139
82074 19903 24166
82125 19922 24191
82176 19942 24216
82227 19961 24241
82278 19979 24266
82329 19998 24291
82380 20017 24315
82432 20036 24338
82483 20058 24359
82535 20081 24381
82586 20102 24401
82637 20125 24421
82690 20147 24443
82741 20167 24466
82792 20187 24491
82843 20204 24519
82894 20221 24547
82945 20237 24574
82996 20252 24603
83047 20268 24632
83098 20285 24660
83149 20303 24686
83200 20322 24711
83251 20342 24734
83302 20364 24757
83353 20387 24778
83404 20411 24801
83456 20434 24823
83507 20457 24845
83559 20482 24868
83610 20512 24885
83661 20554 24895
83712 20596 24900
83763 20641 24902
83814 20680 24907
83865 20711 24920
83916 20737 24936
83968 20756 24964
84019 20774 24994
84070 20799 25018
84121 20829 25040
84172 20862 25061
84224 20894 25085
84275 20920 25114
84326 20931 25158
84377 20940 25203
84428 20946 25250
84480 20948 25297
84531 20949 25341
84583 20962 25374
84634 20990 25393
84685 21022 25407
84738 21049 25429
84789 21068 25458
84840 21081 25497
84893 21099 25536
84944 21121 25566
84995 21145 25594
85048 21172 25624
85099 21197 25652
85150 21222 25680
85201 21246 25712
85252 21267 25744
85303 21288 25777
85354 21311 25808
85405 21334 25838
85456 21356 25868
85507 21377 25897
85558 21398 25927
85609 21418 25958
85660 21438 25986
85711 21459 26014
85762 21482 26039
85813 21504 26064
85864 21525 26089
85917 21545 26120
85968 21562 26151
86019 21578 26184
86070 21596 26215
86121 21621 26240
86172 21661 26250
86223 21700 26261
86274 21729 26281
86325 21750 26309
86376 21763 26345
86427 21783 26376
86478 21811 26401
86529 21844 26422
86580 21879 26443
86631 21912 26467
86682 21939 26495
86733 21962 26529
86786 21984 26567
86837 22010 26597
86888 22042 26623
86941 22079 26648
86992 22111 26673
87043 22139 26702
87096 22147 26749
87147 22156 26792
87198 22167 26831
87249 22186 26860
87300 22218 26875
87351 22253 26888
87402 22280 26911
87453 22291 26948
87504 22297 26989
87555 22309 27023
87606 22329 27050
87657 22355 27072
87708 22383 27094
87759 22409 27117
87810 22431 27145
87861 22446 27180
87912 22459 27219
87965 22478 27254
88016 22500 27282
88067 22525 27306
88120 22552 27332
88171 22575 27358
88222 22595 27388
88273 22611 27423
88324 22628 27456
88375 22647 27485
88426 22668 27513
88477 22689 27538
88528 22710 27564
88579 22730 27588
88630 22750 27613
88681 22771 27637
88732 22791 27660
88783 22814 27682
88835 22836 27703
88886 22858 27724
88937 22881 27744
88989 22902 27767
89040 22921 27791
89091 22938 27817
89142 22954 27846
89193 22970 27875
89244 22985 27904
89295 23001 27932
89346 23017 27958
89397 23035 27984
89448 23054 28009
89499 23074 28032
89550 23095 28055
89601 23117 28076
89652 23140 28098
89703 23163 28119
89754 23185 28141
89805 23208 28162
89856 23235 28181
89907 23273 28192
89958 23316 28199
90009 23360 28202
90060 23399 28206
90112 23431 28218
90163 23458 28233
90214 23480 28257
90265 23499 28286
90316 23524 28311
90368 23553 28335
90419 23587 28356
90470 23619 28379
90521 23648 28407
90572 23662 28453
90624 23673 28495
90675 23682 28541
90727 23688 28589
90778 23690 28635
90829 23691 28680
90882 23708 28708
90933 23742 28723
90984 23776 28737
91035 23803 28759
91086 23819 28797
91137 23829 28838
91188 23846 28874
91239 23869 28903
91290 23896 28930
91341 23924 28954
91392 23951 28979
91443 23977 29007
91494 23997 29041
91545 24015 29079
91597 24037 29114
91648 24060 29143
91699 24085 29172
91752 24111 29201
91803 24135 29230
91854 24156 29263
91906 24176 29297
91957 24196 29328
92008 24218 29357
92061 24243 29385
92112 24266 29412
92163 24287 29439
92216 24308 29472
92267 24325 29506
92318 24342 29539
92369 24367 29565
92420 24404 29578
92471 24444 29589
92522 24475 29608
92573 24496 29636
92624 24508 29673
92675 24528 29703
92726 24553 29728
92777 24587 29748
92828 24621 29768
92879 24650 29791
92930 24677 29819
92981 24699 29850
93032 24721 29884
93085 24748 29916
93136 24776 29943
93187 24807 29966
93240 24841 29992
93291 24868 30019
93342 24887 30054
93393 24897 30096
93444 24908 30135
93495 24926 30166
93546 24953 30189
93597 24986 30206
93648 25014 30227
93699 25023 30265
93750 25031 30306
93801 25042 30343
93852 25060 30373
93903 25083 30397
93954 25109 30419
94005 25133 30440
94056 25157 30464
94109 25178 30494
94160 25190 30529
94211 25203 30564
94262 25221 30594
94313 25243 30620
94364 25269 30643
94415 25293 30667
94466 25314 30692
94517 25333 30722
94568 25349 30755
94619 25366 30787
94670 25385 30816
94721 25404 30842
94772 25424 30868
94823 25445 30893
94874 25465 30917
94925 25486 30940
94978 25508 30964
95029 25529 30985
95080 25551 31006
95131 25573 31028
95182 25594 31050
95233 25616 31071
95284 25636 31095
95335 25655 31120
95386 25672 31148
95437 25689 31176
95488 25704 31205
95539 25719 31235
95590 25736 31263
95641 25753 31290
95692 25772 31316
95744 25792 31340
95795 25814 31362
95847 25837 31386
95898 25860 31407
95949 25883 31429
96000 25905 31451
96051 25928 31473
96102 25953 31493
96153 25987 31507
96204 26029 31515
96256 26073 31518
96307 26116 31521
96358 26150 31532
96409 26178 31545
96460 26200 31568
96512 26217 31598
96563 26239 31625
96614 26270 31647
96665 26306 31667
96716 26342 31689
96768 26368 31718
96819 26380 31765
96871 26392 31813
96922 26401 31859
96973 26406 31907
97026 26407 31957
97077 26408 31997
97128 26433 32022
97181 26472 32038
97232 26506 32053
97283 26535 32075
97336 26547 32120
97387 26556 32163
97438 26570 32200
97489 26590 32232
97540 26618 32257
97591 26653 32279
97642 26685 32305
97693 26711 32337
97744 26726 32381
97795 26743 32422
97846 26768 32455
97897 26796 32484
97948 26826 32512
97999 26854 32539
98050 26879 32572
98101 26892 32615
98152 26908 32655
98203 26930 32687
98254 26960 32712
98305 26993 32733
98356 27022 32760
98407 27038 32800
98458 27048 32844
98509 27061 32884
98560 27089 32907
98611 27128 32920
98662 27171 32929
98713 27192 32946
98764 27200 32969
98816 27210 32982
98867 27224 32988
98919 27249 32989
98970 27261 32997
99021 27268 33007
99074 27277 33013
99125 27284 33022
99176 27287 33035
99227 27289 33040
